           0
 ReadInput:
 Antall noder........:            3
 Antall elementer....:            2
 Antall krefter......:            4
 
 Global til redusert globalestivhetsmatrise konvertor:
           0           0           0           1           2           3           0           0           0
 
 ##### LocalStiffness:
 C:   0.70710677      S:   0.70710677      I:   3.60000005E-04  L:   12.727922     (12 *I) /L**2:  2.66666666E-05 (6*I)/L:  1.69705629E-04 E/L:  1.57134828E+10
 
 ###### LocalStiffnessMatrix
  #######################################
  4.71613952E+08  4.71194944E+08  -1885617.9     -4.71613952E+08  1.10576312E+08  -1885617.9    
  4.71194944E+08  4.71613952E+08   1885618.0      1.10576312E+08 -4.71613952E+08   1885618.0    
  -1885617.9       1885618.0       22627416.      4.71613952E+08  -1885618.0       11313708.    
 -4.71613952E+08  1.10576312E+08  4.71613952E+08  4.71613952E+08  4.71194944E+08   1885617.9    
  1.10576312E+08 -4.71613952E+08  -1885618.0      4.71194944E+08  4.71613952E+08  -1885618.0    
  -1885617.9       1885618.0       11313708.       1885617.9      -1885618.0       22627416.    
 ####################################### 
 
 
 ##### GlobalStiffness: 
 Jobber p책 element ...:   1.99999996E+11  5.99999987E-02  3.60000005E-04   12.727922      0.70710677      0.70710677       0.0000000       0.0000000       0.0000000       0.0000000       0.0000000       0.0000000               1           2
 GlobalMatrixConverter... :            0           0           0           1           2           3
 
 ##### LocalStiffness:
 C:    1.0000000      S:    0.0000000      I:   3.60000005E-04  L:   12.000000     (12 *I) /L**2:  3.00000029E-05 (6*I)/L:  1.80000017E-04 E/L:  1.66666660E+10
 
 ###### LocalStiffnessMatrix
  #######################################
  9.99999936E+08   0.0000000      -0.0000000     -9.99999936E+08   0.0000000      -0.0000000    
   0.0000000       500000.03       3000000.3       0.0000000      -500000.03       3000000.3    
  -0.0000000       3000000.3       24000000.       0.0000000      -3000000.3       12000000.    
 -9.99999936E+08   0.0000000       0.0000000      9.99999936E+08   0.0000000       0.0000000    
   0.0000000      -500000.03      -3000000.3       0.0000000       500000.03      -3000000.3    
  -0.0000000       3000000.3       12000000.       0.0000000      -3000000.3       24000000.    
 ####################################### 
 
 
 ##### GlobalStiffness: 
 Jobber p책 element ...:   1.99999996E+11  5.99999987E-02  3.60000005E-04   12.000000       1.0000000       0.0000000       0.0000000       0.0000000       0.0000000       0.0000000       0.0000000       0.0000000               2           3
 GlobalMatrixConverter... :            1           2           3           0           0           0
 ##### PopulateLoads:
 LoadVector   0.0000000      -78000.000      -156000.00    
 
 ##### GlobalStivhetsmatrise: 
  #######################################
  1.47161395E+09  4.71194944E+08   1885617.9    
  4.71194944E+08  4.72113952E+08   1114382.3    
   1885617.9       1114382.3       46627416.    
 ####################################### 
 
 loadvector:    0.0000000      -78000.000      -156000.00    
 
 Matrisen etter swap, iterasjon...:            1
  #######################################
  1.47161395E+09  4.71194944E+08   1885617.9    
  4.71194944E+08  4.72113952E+08   1114382.3    
   1885617.9       1114382.3       46627416.    
 ####################################### 
 
   0.0000000      -78000.000      -156000.00    
 
 Matrisen etter swap, iterasjon...:            2
  #######################################
  1.47161395E+09  4.71194944E+08   1885617.9    
   0.0000000      3.21242400E+08   510627.69    
   0.0000000       510627.75       46625000.    
 ####################################### 
 
   0.0000000      -78000.000      -156000.00    
 
 Matrisen A etter gauss eliminisjon:
  #######################################
  1.47161395E+09  4.71194944E+08   1885617.9    
   0.0000000      3.21242400E+08   510627.69    
   0.0000000       0.0000000       46624188.    
 ####################################### 
 
 B matrix:    0.0000000      -78000.000      -155876.02    
 
 ##### Forskyvninger: 
  8.03265066E-05 -2.37493063E-04 -3.34324362E-03
 
 ##### LocalStiffness:
 t1:  9.42808960E+08 t2:   419026.19     t3:   2666666.5     t4:   11313708.    
  #######################################
  9.42808960E+08   0.0000000       0.0000000     -9.42808960E+08   0.0000000       0.0000000    
   0.0000000       419026.19      -2666666.5       0.0000000      -419026.19      -2666666.5    
   0.0000000      -2666666.5       22627416.       0.0000000       2666666.5      1.88561792E+09
 -9.42808960E+08   0.0000000       0.0000000      9.42808960E+08   0.0000000       0.0000000    
   0.0000000      -419026.19       2666666.5       0.0000000       419026.19       2666666.5    
   0.0000000      -2666666.5      1.88561792E+09   0.0000000       2666666.5       22627416.    
 ####################################### 
 
 
 Krefter p책 element nr :            1
   104777.70       9009.4844      -6304679.5      -104777.70      -9009.4844      -76248.250    
 
 ##### LocalStiffness:
 t1:  9.99999936E+08 t2:   500000.00     t3:   3000000.0     t4:   12000000.    
  #######################################
  9.99999936E+08   0.0000000       0.0000000     -9.99999936E+08   0.0000000       0.0000000    
   0.0000000       500000.00      -3000000.0       0.0000000      -500000.00      -3000000.0    
   0.0000000      -3000000.0       24000000.       0.0000000       3000000.0      1.99999987E+09
 -9.99999936E+08   0.0000000       0.0000000      9.99999936E+08   0.0000000       0.0000000    
   0.0000000      -500000.00       3000000.0       0.0000000       500000.00       3000000.0    
   0.0000000      -3000000.0      1.99999987E+09   0.0000000       3000000.0       24000000.    
 ####################################### 
 
 
 Krefter p책 element nr :            2
   80326.500       9910.9844      -79525.367      -80326.500      -9910.9844      -6685774.5    
